# 压强导数计算结果
# 列: μ_B(MeV) T(MeV) P ∂P/∂μ ∂²P/∂μ² ∂³P/∂μ³ ∂⁴P/∂μ⁴ κ₁ κ₂ κ₃ κ₄ κ₂/κ₁ κ₃/κ₂ κ₄/κ₂
1001.0 50.00000000000001 0.15911168602083972 0.28942138825900626 0.23124787557183712 -0.12140099987108458 0.18877501517455672 0.28942138825900626 0.23124787557183712 -0.12140099987108458 0.18877501517455672 0.7990006438808557 -0.5249821196016625 0.8163318893535685
991.0000000000001 50.00000000000001 0.14474443693554334 0.27754283047670425 0.2376571844381169 0.35058649513201684 877.9344844242889 0.27754283047670425 0.2376571844381169 0.35058649513201684 877.9344844242889 0.8562901229691999 1.4751773482501447 3694.1213727662107
981.0 50.00000000000001 0.13098759490705825 0.26532659034977907 0.2445532637640789 -0.14141881015231197 0.20425644476731727 0.26532659034977907 0.2445532637640789 -0.14141881015231197 0.20425644476731727 0.9217065784536908 -0.578274065844155 0.8352227307191612
971.0000000000001 50.00000000000001 0.11785890720832727 0.25274744484656897 0.25198319590076523 -0.15182022489512034 0.20517742608283498 0.25274744484656897 0.25198319590076523 -0.15182022489512034 0.20517742608283498 0.9969762347300181 -0.6025013864611409 0.8142504318567216
961.0 50.00000000000001 0.10537745290412262 0.23977843906670457 0.2599382287959184 -0.16206874051752887 0.19743841392440395 0.23977843906670457 0.2599382287959184 -0.16206874051752887 0.19743841392440395 1.0840767410434493 -0.6234894392727882 0.7595589722949754
951.0000000000001 50.00000000000001 0.09356365704600449 0.2263933743132341 0.2683972956535265 -0.17159132957906775 0.17532215659100542 0.2263933743132341 0.2683972956535265 -0.17159132957906775 0.17532215659100542 1.185535117658419 -0.6393183998417579 0.6532187895712944
941.0 50.00000000000001 0.08243923113765272 0.2125679952027385 0.27757772696006655 -0.19640229028155595 13.093350247206432 0.2125679952027385 0.27757772696006655 -0.19640229028155595 13.093350247206432 1.3058302906574646 -0.7075578160844699 47.17003194240471
931.0000000000001 50.00000000000001 0.07202701714823417 0.1982824640923994 0.2865306134217429 -0.18407906252709202 0.04490629462629198 0.1982824640923994 0.2865306134217429 -0.18407906252709202 0.04490629462629198 1.4450628033763993 -0.6424411699986382 0.15672424698367096
921.0000000000001 50.00000000000001 0.062350669155412854 0.183525419528763 0.29586195632574896 -0.17724490275149304 16.096899025553796 0.183525419528763 0.29586195632574896 -0.17724490275149304 16.096899025553796 1.6121034191635781 -0.5990797362143562 54.40678898178731
911.0 50.00000000000001 0.0534340691401552 0.16830062756410596 0.3049078619465521 -0.17194072893647944 -0.35194345520453807 0.16830062756410596 0.3049078619465521 -0.17194072893647944 -0.35194345520453807 1.8116858288624755 -0.5639104476965545 -1.154261661072652
901.0000000000001 50.00000000000001 0.04530030929333483 0.15263771929118541 0.3130144672190798 -0.14447158361711565 -0.7355107305213774 0.15263771929118541 0.3130144672190798 -0.14447158361711565 -0.7355107305213774 2.0507019409923526 -0.46154922135276116 -2.3497659295299957
891.0 50.00000000000001 0.037969983355935835 0.13660912161594943 0.3191209003688703 -0.0912096860073819 -1.3665460369244524 0.13660912161594943 0.3191209003688703 -0.0912096860073819 -1.3665460369244524 2.336014583755381 -0.2858154570946405 -4.282220422870669
881.0000000000001 50.00000000000001 0.03145842389242132 0.12035487836543843 0.32159460593745526 0.0010810976070145082 -2.2782456260842334 0.12035487836543843 0.32159460593745526 0.0010810976070145082 -2.2782456260842334 2.6720529346636406 0.003361678296385243 -7.084215916629255
871.0 50.00000000000001 0.02577149495878829 0.10411401406586955 0.31816866872258304 0.14299696614562735 -3.321680512785138 0.10411401406586955 0.31816866872258304 0.14299696614562735 -3.321680512785138 3.0559639024318863 0.44943761030822604 -10.43999877838811
861.0000000000001 50.00000000000001 0.020899837832972633 0.0882511150927302 0.3062747949814264 0.36771771672687714 -123.84573785999297 0.0882511150927302 0.3062747949814264 0.36771771672687714 -123.84573785999297 3.4704920686793246 1.2006137062280193 -404.36150766994524
851.0 50.00000000000001 0.016812476204638428 0.0732483629300369 0.2840594363471408 0.5418213015496975 -3.930474426888312 0.0732483629300369 0.2840594363471408 0.5418213015496975 -3.930474426888312 3.878031193932073 1.9074222934370446 -13.836802879820521
841.0000000000001 50.00000000000001 0.01345247558027135 0.05962836343197337 0.2520412752610438 0.7091106275666605 -2.3702219958207165 0.05962836343197337 0.2520412752610438 0.7091106275666605 -2.3702219958207165 4.226868905241437 2.8134702414603385 -9.404102535847883
831.0 50.00000000000001 0.0107383930389858 0.047809502505453204 0.21378908916515896 0.7817602863957431 -0.32901448142134887 0.047809502505453204 0.21378908916515896 0.7817602863957431 -0.32901448142134887 4.471686128521709 3.65668935420651 -1.5389675998253334
821.0000000000001 50.00000000000001 0.008573156404440452 0.03797531869654313 0.17460709086425288 0.7492720953562431 1.474870625354621 0.03797531869654313 0.17460709086425288 0.7492720953562431 1.474870625354621 4.597909822943691 4.291189387828239 8.446796851459197
811.0 50.00000000000001 0.006857122188780479 0.03005074147879372 0.1389990096305825 0.6489003733415438 2.323760470513987 0.03005074147879372 0.1389990096305825 0.6489003733415438 2.323760470513987 4.625476869802752 4.668381271680464 16.717820340517836
801.0000000000001 50.00000000000001 0.005499315217063538 0.023788281654563707 0.10918677387911213 0.5272589271641297 2.379911453968355 0.023788281654563707 0.10918677387911213 0.5272589271641297 2.379911453968355 4.589939511589942 4.828963329825028 21.796700913640983
791.0 50.00000000000001 0.0044232132080618295 0.018881888785609043 0.08540672994963026 0.4140258507555251 2.055379726309499 0.018881888785609043 0.08540672994963026 0.4140258507555251 2.055379726309499 4.523209034825137 4.847695854878208 24.065781789347117
781.0 50.00000000000001 0.0035675733401632124 0.01504305721654346 0.06688762061290175 0.32037143662702156 1.6403768608979368 0.01504305721654346 0.06688762061290175 0.32037143662702156 1.6403768608979368 4.446411367720035 4.789697012562383 24.524371563331247
771.0 50.00000000000001 0.002884610708190545 0.012031370023477483 0.05259037160872771 0.24707514228677363 1.263593084948714 0.012031370023477483 0.05259037160872771 0.24707514228677363 1.263593084948714 4.371104164039938 4.698106035930158 24.027080362729603
761.0000000000001 50.00000000000001 0.002337401549220323 0.009657890552858104 0.04155408895048742 0.19104156021939606 0.9605472174113805 0.009657890552858104 0.04155408895048742 0.19104156021939606 0.9605472174113805 4.302605079552297 4.597419051757485 23.115588421536394
751.0000000000001 50.00000000000001 0.0018974371350508037 0.007777910057724708 0.03299999595096424 0.14850806117777351 0.728984229451398 0.007777910057724708 0.03299999595096424 0.14850806117777351 0.728984229451398 4.242784463442075 4.500244830285629 22.090433905950142
741.0000000000001 50.00000000000001 0.0015426220833237904 0.006281489742174104 0.02633045283551893 0.11617513496248684 0.5555313128891313 0.006281489742174104 0.02633045283551893 0.11617513496248684 0.5555313128891313 4.191752898796524 4.412196618425428 21.09843367903409
731.0000000000001 50.00000000000001 0.0012557326785442168 0.005085043129748765 0.02109699231490401 0.09145921500931879 0.42621373872072305 0.005085043129748765 0.02109699231490401 0.09145921500931879 0.42621373872072305 4.148832522477807 4.335177908023755 20.20258302031155
721.0000000000001 50.00000000000001 0.0010232575302298107 0.0041246849524835556 0.016965048684983476 0.07242756847072343 0.32951712511345727 0.0041246849524835556 0.016965048684983476 0.07242756847072343 0.32951712511345727 4.113053210226027 4.2692225537102235 19.42329381023985
711.0 50.00000000000001 0.0008345320449700662 0.0033512371779974674 0.013684430258070006 0.057659309903699725 0.25671661408890173 0.0033512371779974674 0.013684430258070006 0.057659309903699725 0.25671661408890173 4.083396528277697 4.213497297024608 18.759759028879582
701.0 50.00000000000001 0.0006810911037750955 0.0027265516424988807 0.011066818780091943 0.0461135765653486 0.2014394596972101 0.0027265516424988807 0.011066818780091943 0.0461135765653486 0.2014394596972101 4.058906718505878 4.1668321747801755 18.202110624561662
691.0 50.00000000000001 0.0005561819265560723 0.002220814662871937 0.008969280029236776 0.03702509415586164 0.15909279586744055 0.002220814662871937 0.008969280029236776 0.03702509415586164 0.15909279586744055 4.0387341542665185 4.127989541543193 17.737521333803006
681.0 50.00000000000001 0.0004543944672488526 0.0018105652874688778 0.0072823581592284855 0.02982703952551291 0.12636657846411628 0.0018105652874688778 0.0072823581592284855 0.02982703952551291 0.12636657846411628 4.022146127306478 4.095794092153368 17.35242564305625
671.0 50.00000000000001 0.00037137849373973584 0.0014772278491838263 0.005921500006220841 0.024095698539505862 0.10086928191424044 0.0014772278491838263 0.005921500006220841 0.024095698539505862 0.10086928191424044 4.008521779150381 4.06918829928094 17.034413883014786
661.0 50.00000000000001 0.0003036251264280153 0.0012060154676749254 0.0048208548947487285 0.0195112031295755 0.08085780347986907 0.0012060154676749254 0.0048208548947487285 0.0195112031295755 0.08085780347986907 3.9973408500662466 4.047249617661944 16.77250306121971
651.0 50.00000000000001 0.0002482967649304019 0.0009851026738505995 0.003928757501484158 0.015829704245862067 0.06504881412660873 0.0009851026738505995 0.003928757501484158 0.015829704245862067 0.06504881412660873 3.9881705793440902 4.029188424045545 16.55709574898308
641.0 50.00000000000001 0.00020309369823630545 0.0008049949647282988 0.003204405286577183 0.01286356423638318 0.052488588364331935 0.0008049949647282988 0.003204405286577183 0.01286356423638318 0.052488588364331935 3.9806525841546487 4.0143374779298036 16.380134118552192
631.0 50.00000000000001 0.00016614879345494145 0.0006580439051172355 0.002615389653760759 0.010467148455837134 0.04246051434009903 0.0006580439051172355 0.002615389653760759 0.010467148455837134 0.04246051434009903 3.974491114380594 4.002137287950979 16.234871266330654
621.0 50.00000000000001 0.0001359438718334327 0.0005380709335552035 0.0021358416644685287 0.008526539878606455 0.03442063022286012 0.0005380709335552035 0.0021358416644685287 0.008526539878606455 0.03442063022286012 3.9694425609581856 3.9921217103554127 16.115721869966034
611.0000000000001 50.00000000000001 0.0001112429746608794 0.0004400732089543872 0.0017450251822100865 0.006952013007783898 0.027952112723489967 0.0004400732089543872 0.0017450251822100865 0.006952013007783898 0.027952112723489967 3.965306559688698 3.983904117062153 16.018171547581005
601.0000000000001 50.00000000000001 9.103888084490867e-5 0.00035999199974107306 0.0014262590423028505 0.0056724669446675275 0.022731814118500514 0.00035999199974107306 0.0014262590423028505 0.0056724669446675275 0.022731814118500514 3.96191871855124 3.9771645798008137 15.938068362250329
